build 271.32 13497712640 442150165
add-1.0 4834.0 10770808832 0
add-0.5 4905.0 10770898944 0
add-0.25 4914.0 10770677760 0
add-0.1 6463.0 5499834368 0
add-0.5 4905.0 10770898944 0
add-0.025 10988.0 2570072064 0
add-0.01 20706.0 2210324480 0
del-1.0 12777.0 6136197120 0
del-0.5 12727.0 6136238080 0
del-0.25 12731.0 6136074240 0
del-0.1 12884.0 6136094720 0
del-0.5 12727.0 6136238080 0
del-0.025 12720.0 6136127488 0
del-0.01 12776.0 6136352768 0
query-random_sequence 7.284 -1
query-existing_build_edgemers 31.833 -1
query-existing_added_edgemers 31.842 -1
query-existing_build_sequence 1.243 -1
query-existing_added_sequence 1.242 -1
query-random_edgemers 12.869 -1
